RagandBone=10.604750209032384
Levis=20.15954288623734
Forever21=19.54670993537124
FreePeople=25.486627558668545
Mango=11.608197380206265
TrueReligion=20.91711156683362
SevenForAllMankind=14.436116905816096
Guess=23.611499380900757
HandM=17.020617825200837
